[gd_scene load_steps=3 format=3 uid="uid://bt63tpot2b3dg"]

[ext_resource type="PackedScene" uid="uid://c6qlso3ds0ort" path="res://world/decoration/ZombieHead.tscn" id="1_0ae8l"]
[ext_resource type="Script" path="res://world/decoration/wall.gd" id="1_86ol3"]

[node name="CSGBox3D" type="CSGBox3D"]
transform = Transform3D(1, 0, 0, 0, 1, 0, 0, 0, 1, 0, 1, -5)
use_collision = true
size = Vector3(10, 6, 1)
script = ExtResource("1_86ol3")

[node name="Node3D" parent="." instance=ExtResource("1_0ae8l")]
transform = Transform3D(0.819152, 0, 0.573576, 0, 1, 0, -0.573576, 0, 0.819152, 4.6, 3, 0)

[node name="Node3D5" parent="." instance=ExtResource("1_0ae8l")]
transform = Transform3D(-0.794908, -0.07899, 0.601566, -0.116212, 0.992954, -0.0231805, -0.595497, -0.0883349, -0.798487, -5.8, -1, 9)

[node name="Node3D3" parent="." instance=ExtResource("1_0ae8l")]
transform = Transform3D(-0.98106, -0.173648, -0.0858315, -0.172987, 0.984808, -0.0151344, 0.0871556, 0, -0.996195, 1.7, -0.9, -1.2)

[node name="Node3D2" parent="." instance=ExtResource("1_0ae8l")]
transform = Transform3D(-0.707107, 0, 0.707107, 0.122788, 0.984808, 0.122788, -0.696364, 0.173648, -0.696364, 3.3, 3, -0.3)

[node name="Node3D4" parent="." instance=ExtResource("1_0ae8l")]
transform = Transform3D(-0.992404, 0.122788, 0.00759608, 0.122788, 0.984808, 0.122788, 0.00759614, 0.122788, -0.992404, -4.5, 3, 9.8)

[node name="Node3D6" parent="." instance=ExtResource("1_0ae8l")]
transform = Transform3D(-0.956005, 0.291932, 0.0288026, 0.293252, 0.948524, 0.119603, 0.00759614, 0.122788, -0.992404, -4.5, 3, 0)

[node name="CSGBox3D" type="CSGBox3D" parent="."]
transform = Transform3D(-4.37114e-08, 0, -1, 0, 1, 0, 1, 0, -4.37114e-08, -4.5, 0, 5.5)
size = Vector3(10, 6, 1)
