[gd_scene load_steps=5 format=3 uid="uid://detwmalhgt8db"]

[ext_resource type="Material" uid="uid://c8tv0m4oj0dbc" path="res://world/decoration/wall.tres" id="1_o6nqp"]
[ext_resource type="PackedScene" uid="uid://c6qlso3ds0ort" path="res://world/decoration/ZombieHead.tscn" id="1_tw8rn"]
[ext_resource type="Script" path="res://world/decoration/wall.gd" id="2_614m7"]
[ext_resource type="PackedScene" uid="uid://cdwk21ip731vp" path="res://pickup/pickup.tscn" id="3_3sk86"]

[node name="CSGBox3D" type="CSGBox3D"]
transform = Transform3D(1, 0, 0, 0, 1, 0, 0, 0, 1, -2, 1, -6)
use_collision = true
size = Vector3(10, 6, 1)
material = ExtResource("1_o6nqp")
script = ExtResource("2_614m7")
difficulty = -4

[node name="Node3D" parent="." instance=ExtResource("1_tw8rn")]
transform = Transform3D(0.819152, 0, 0.573576, 0, 1, 0, -0.573576, 0, 0.819152, 1.65536, -1.1, 5.93762)

[node name="Node3D5" parent="." instance=ExtResource("1_tw8rn")]
transform = Transform3D(-0.794908, -0.07899, 0.601566, -0.116212, 0.992954, -0.0231805, -0.595497, -0.0883349, -0.798487, -7.8, -1, 9)

[node name="Node3D3" parent="." instance=ExtResource("1_tw8rn")]
transform = Transform3D(-0.98106, -0.173648, -0.0858315, -0.172987, 0.984808, -0.0151344, 0.0871556, 0, -0.996195, 1.7, -0.9, -1.2)

[node name="Node3D2" parent="." instance=ExtResource("1_tw8rn")]
transform = Transform3D(-0.707107, 0, 0.707107, 0.122788, 0.984808, 0.122788, -0.696364, 0.173648, -0.696364, 3.3, 3, -0.3)

[node name="Node3D6" parent="." instance=ExtResource("1_tw8rn")]
transform = Transform3D(-0.956005, 0.291932, 0.0288026, 0.293252, 0.948524, 0.119603, 0.00759614, 0.122788, -0.992404, -4.5, 3, 0)

[node name="CSGBox3D" type="CSGBox3D" parent="."]
transform = Transform3D(1, 0, -5.96046e-08, 0, 1, 0, 5.96046e-08, 0, 1, 2.6, 0, 12)
size = Vector3(15, 6, 1)
material = ExtResource("1_o6nqp")

[node name="CSGBox3D2" type="CSGBox3D" parent="."]
transform = Transform3D(8.19564e-08, 0, 1, 0, 1, 0, -1, 0, 8.19564e-08, 9.6, 0, 6.4)
size = Vector3(10, 6, 1)
material = ExtResource("1_o6nqp")

[node name="CSGBox3D3" type="CSGBox3D" parent="."]
transform = Transform3D(8.19564e-08, 0, 1, 0, 1, 0, -1, 0, 8.19564e-08, -5.47178, 0, 6.02038)
size = Vector3(13, 6, 1)
material = ExtResource("1_o6nqp")

[node name="pickup" parent="." instance=ExtResource("3_3sk86")]
transform = Transform3D(1, 0, 0, 0, 1, 0, 0, 0, 1, -2, -1, 8.9)
