[gd_scene load_steps=3 format=3 uid="uid://cbhe08j0a3imi"]

[ext_resource type="PackedScene" uid="uid://c6qlso3ds0ort" path="res://world/decoration/ZombieHead.tscn" id="1_ge2ub"]

[sub_resource type="BoxMesh" id="BoxMesh_s1tfk"]
size = Vector3(10, 6, 1)

[node name="CSGBox3D" type="CSGBox3D"]
transform = Transform3D(1, 0, 0, 0, 1, 0, 0, 0, 1, 0, 1, -3)
use_collision = true
size = Vector3(10, 6, 1)

[node name="Node3D" parent="." instance=ExtResource("1_ge2ub")]
transform = Transform3D(0.819152, 0, 0.573576, 0, 1, 0, -0.573576, 0, 0.819152, 4.6, 3, 0)

[node name="Node3D5" parent="." instance=ExtResource("1_ge2ub")]
transform = Transform3D(-0.794908, -0.07899, 0.601566, -0.116212, 0.992954, -0.0231805, -0.595497, -0.0883349, -0.798487, -3.6, -1, 5.89659)

[node name="Node3D3" parent="." instance=ExtResource("1_ge2ub")]
transform = Transform3D(-0.98106, -0.173648, -0.0858315, -0.172987, 0.984808, -0.0151344, 0.0871556, 0, -0.996195, 1.7, -0.9, -1.90625)

[node name="Node3D2" parent="." instance=ExtResource("1_ge2ub")]
transform = Transform3D(-0.707107, 0, 0.707107, 0.122788, 0.984808, 0.122788, -0.696364, 0.173648, -0.696364, 3.3, 3, -0.3)

[node name="Node3D4" parent="." instance=ExtResource("1_ge2ub")]
transform = Transform3D(0.34656, 0.073387, -0.935153, 0.122788, 0.984808, 0.122788, 0.929957, -0.157379, 0.332284, 1.1, 3, 4.3)

[node name="Node3D6" parent="." instance=ExtResource("1_ge2ub")]
transform = Transform3D(-0.956005, 0.291932, 0.0288026, 0.293252, 0.948524, 0.119603, 0.00759614, 0.122788, -0.992404, -4.5, 3, 0)

[node name="CSGMesh3D" type="CSGMesh3D" parent="."]
transform = Transform3D(1, 0, 0, 0, 1, 0, 0, 0, 1, 0, 0, 4.3)
mesh = SubResource("BoxMesh_s1tfk")
